A                                                                B                                        C
                                                                        Top - second probability
                                                                                                               RNA
                     DIF              PRO          IMR    MES    0.00     0.25           0.50      0.75       cluster
      TOV1369        0.74             0.05         0.14   0.07                                                   2
       OV4485        0.60             0.13         0.16   0.11                                                   2
    TOV3133G         0.53             0.03         0.35   0.08                                                   2
     OV3133-R        0.54             0.03         0.37   0.06                                                   2
       OV2295        0.46             0.16         0.30   0.09                                                   2
       OV3331        0.11             0.81         0.03   0.05                                                   2
       OV4453        0.17             0.40         0.11   0.31                                                   3
    OV2295-R2        0.25             0.20         0.37   0.18                                                   2
        OV90         0.16             0.14         0.38   0.32                                                   3
      OV2085*        0.24             0.30         0.32   0.15                                                   2
      OV866-2        0.11             0.13         0.21   0.55                                                   1
       OV1946        0.09             0.14         0.28   0.48                                                   1
    OV1369-R2        0.28             0.12         0.22   0.37                                                   1
    TOV3291G         0.22             0.15         0.28   0.35                                                   2
    TOV3041G         0.32             0.07         0.23   0.37                                                   2
                Probability (uncalibrated)


            0.0               0.5            1.0
